/GPS/latlontoutm:
  utm_x_map_zero:                           343299.0230489378   # REAL
  utm_y_map_zero:                           6334370.443375481   # REAL
