/GPS/latlontoutm:
  utm_x_map_zero:                           343298.36278725753   # REAL
  utm_y_map_zero:                           6334371.985254836   # REAL
